Type	POS	Headword	Rank	Freq	Range	NormFreq	NormRange
ordnung			3132	1	1	19.694	1.000
organic			3132	1	1	19.694	1.000
organism			3132	1	1	19.694	1.000
organist			3132	1	1	19.694	1.000
organization			3132	1	1	19.694	1.000
orgasm			3132	1	1	19.694	1.000
origin			3132	1	1	19.694	1.000
originally			3132	1	1	19.694	1.000
ornamental			3132	1	1	19.694	1.000
ornaments			3132	1	1	19.694	1.000
ourselves			3132	1	1	19.694	1.000
outdoors			3132	1	1	19.694	1.000
outline			3132	1	1	19.694	1.000
outward			3132	1	1	19.694	1.000
ovaries			3132	1	1	19.694	1.000
ovation			3132	1	1	19.694	1.000
overcoats			3132	1	1	19.694	1.000
overcome			3132	1	1	19.694	1.000
overjoyed			3132	1	1	19.694	1.000
overseas			3132	1	1	19.694	1.000
overstuffed			3132	1	1	19.694	1.000
overthrew			3132	1	1	19.694	1.000
owe			3132	1	1	19.694	1.000
owlishly			3132	1	1	19.694	1.000
owls			3132	1	1	19.694	1.000
oxen			3132	1	1	19.694	1.000
oz			3132	1	1	19.694	1.000
pacific			3132	1	1	19.694	1.000
pack			3132	1	1	19.694	1.000
package			3132	1	1	19.694	1.000
packs			3132	1	1	19.694	1.000
padded			3132	1	1	19.694	1.000
page			3132	1	1	19.694	1.000
pageantry			3132	1	1	19.694	1.000
pages			3132	1	1	19.694	1.000
pain			3132	1	1	19.694	1.000
painless			3132	1	1	19.694	1.000
painlessly			3132	1	1	19.694	1.000
pains			3132	1	1	19.694	1.000
painting			3132	1	1	19.694	1.000
paintings			3132	1	1	19.694	1.000
paired			3132	1	1	19.694	1.000
pajama			3132	1	1	19.694	1.000
pale			3132	1	1	19.694	1.000
palms			3132	1	1	19.694	1.000
palpated			3132	1	1	19.694	1.000
palpating			3132	1	1	19.694	1.000
paneled			3132	1	1	19.694	1.000
paperbacks			3132	1	1	19.694	1.000
papery			3132	1	1	19.694	1.000
paprika			3132	1	1	19.694	1.000
papyrus			3132	1	1	19.694	1.000
paradise			3132	1	1	19.694	1.000
paragraphs			3132	1	1	19.694	1.000
paralyzed			3132	1	1	19.694	1.000
paranoid			3132	1	1	19.694	1.000
parcels			3132	1	1	19.694	1.000
park			3132	1	1	19.694	1.000
parsley			3132	1	1	19.694	1.000
parthenon			3132	1	1	19.694	1.000
partners			3132	1	1	19.694	1.000
passage			3132	1	1	19.694	1.000
passages			3132	1	1	19.694	1.000
passengers			3132	1	1	19.694	1.000
passes			3132	1	1	19.694	1.000
passionate			3132	1	1	19.694	1.000
pasted			3132	1	1	19.694	1.000
patch			3132	1	1	19.694	1.000
patched			3132	1	1	19.694	1.000
paths			3132	1	1	19.694	1.000
pathway			3132	1	1	19.694	1.000
patina			3132	1	1	19.694	1.000
patriotism			3132	1	1	19.694	1.000
patriots			3132	1	1	19.694	1.000
patterns			3132	1	1	19.694	1.000
pausing			3132	1	1	19.694	1.000
paved			3132	1	1	19.694	1.000
pavilion			3132	1	1	19.694	1.000
pawing			3132	1	1	19.694	1.000
pays			3132	1	1	19.694	1.000
peak			3132	1	1	19.694	1.000
pear			3132	1	1	19.694	1.000
pears			3132	1	1	19.694	1.000
pebble			3132	1	1	19.694	1.000
peckers			3132	1	1	19.694	1.000
pedestrians			3132	1	1	19.694	1.000
pedro			3132	1	1	19.694	1.000
pee			3132	1	1	19.694	1.000
peek			3132	1	1	19.694	1.000
peep			3132	1	1	19.694	1.000
peevishly			3132	1	1	19.694	1.000
peewee			3132	1	1	19.694	1.000
peg			3132	1	1	19.694	1.000
penalty			3132	1	1	19.694	1.000
penises			3132	1	1	19.694	1.000
penny			3132	1	1	19.694	1.000
pens			3132	1	1	19.694	1.000
penzance			3132	1	1	19.694	1.000
per			3132	1	1	19.694	1.000
perception			3132	1	1	19.694	1.000
perceptions			3132	1	1	19.694	1.000
perch			3132	1	1	19.694	1.000
perched			3132	1	1	19.694	1.000
perfect			3132	1	1	19.694	1.000
perforated			3132	1	1	19.694	1.000
performance			3132	1	1	19.694	1.000
performed			3132	1	1	19.694	1.000
perhaps			3132	1	1	19.694	1.000
period			3132	1	1	19.694	1.000
permeated			3132	1	1	19.694	1.000
permitted			3132	1	1	19.694	1.000
personality			3132	1	1	19.694	1.000
persuaded			3132	1	1	19.694	1.000
pervert			3132	1	1	19.694	1.000
peter			3132	1	1	19.694	1.000
petrified			3132	1	1	19.694	1.000
petty			3132	1	1	19.694	1.000
phase			3132	1	1	19.694	1.000
phoned			3132	1	1	19.694	1.000
phonetics			3132	1	1	19.694	1.000
photographs			3132	1	1	19.694	1.000
photography			3132	1	1	19.694	1.000
phrases			3132	1	1	19.694	1.000
pick			3132	1	1	19.694	1.000
picked			3132	1	1	19.694	1.000
picnic			3132	1	1	19.694	1.000
piled			3132	1	1	19.694	1.000
piles			3132	1	1	19.694	1.000
pilgrims			3132	1	1	19.694	1.000
pin			3132	1	1	19.694	1.000
pinch			3132	1	1	19.694	1.000
pines			3132	1	1	19.694	1.000
ping			3132	1	1	19.694	1.000
pinhead			3132	1	1	19.694	1.000
pinned			3132	1	1	19.694	1.000
pinschers			3132	1	1	19.694	1.000
pioneered			3132	1	1	19.694	1.000
piping			3132	1	1	19.694	1.000
pirates			3132	1	1	19.694	1.000
piss			3132	1	1	19.694	1.000
pistols			3132	1	1	19.694	1.000
pitied			3132	1	1	19.694	1.000
pitiers			3132	1	1	19.694	1.000
pits			3132	1	1	19.694	1.000
pivot			3132	1	1	19.694	1.000
plagues			3132	1	1	19.694	1.000
planets			3132	1	1	19.694	1.000
plans			3132	1	1	19.694	1.000
plant			3132	1	1	19.694	1.000
planted			3132	1	1	19.694	1.000
planting			3132	1	1	19.694	1.000
plants			3132	1	1	19.694	1.000
platters			3132	1	1	19.694	1.000
plauen			3132	1	1	19.694	1.000
playwright			3132	1	1	19.694	1.000
pleasure			3132	1	1	19.694	1.000
plentiful			3132	1	1	19.694	1.000
plop			3132	1	1	19.694	1.000
plopped			3132	1	1	19.694	1.000
plume			3132	1	1	19.694	1.000
plundering			3132	1	1	19.694	1.000
plus			3132	1	1	19.694	1.000
pod			3132	1	1	19.694	1.000
poems			3132	1	1	19.694	1.000
points			3132	1	1	19.694	1.000
poison			3132	1	1	19.694	1.000
poisoning			3132	1	1	19.694	1.000
polack			3132	1	1	19.694	1.000
policeman			3132	1	1	19.694	1.000
politeness			3132	1	1	19.694	1.000
political			3132	1	1	19.694	1.000
ponder			3132	1	1	19.694	1.000
pong			3132	1	1	19.694	1.000
pop			3132	1	1	19.694	1.000
popcorn			3132	1	1	19.694	1.000
pope			3132	1	1	19.694	1.000
popping			3132	1	1	19.694	1.000
popularity			3132	1	1	19.694	1.000
porcelain			3132	1	1	19.694	1.000
portable			3132	1	1	19.694	1.000
portions			3132	1	1	19.694	1.000
portrayed			3132	1	1	19.694	1.000
portrays			3132	1	1	19.694	1.000
posed			3132	1	1	19.694	1.000
possession			3132	1	1	19.694	1.000
possessions			3132	1	1	19.694	1.000
post			3132	1	1	19.694	1.000
postal			3132	1	1	19.694	1.000
postcard			3132	1	1	19.694	1.000
posts			3132	1	1	19.694	1.000
potato			3132	1	1	19.694	1.000
potbellied			3132	1	1	19.694	1.000
potching			3132	1	1	19.694	1.000
pouch			3132	1	1	19.694	1.000
pounding			3132	1	1	19.694	1.000
powered			3132	1	1	19.694	1.000
powerless			3132	1	1	19.694	1.000
powers			3132	1	1	19.694	1.000
practically			3132	1	1	19.694	1.000
praising			3132	1	1	19.694	1.000
pranced			3132	1	1	19.694	1.000
prayers			3132	1	1	19.694	1.000
pre			3132	1	1	19.694	1.000
preacher			3132	1	1	19.694	1.000
precedent			3132	1	1	19.694	1.000
predicted			3132	1	1	19.694	1.000
preposterous			3132	1	1	19.694	1.000
preposterously			3132	1	1	19.694	1.000
prescribe			3132	1	1	19.694	1.000
prescribed			3132	1	1	19.694	1.000
prescribing			3132	1	1	19.694	1.000
presence			3132	1	1	19.694	1.000
press			3132	1	1	19.694	1.000
presses			3132	1	1	19.694	1.000
pressure			3132	1	1	19.694	1.000
pretended			3132	1	1	19.694	1.000
pretext			3132	1	1	19.694	1.000
prettiest			3132	1	1	19.694	1.000
prevent			3132	1	1	19.694	1.000
preventing			3132	1	1	19.694	1.000
prevention			3132	1	1	19.694	1.000
prices			3132	1	1	19.694	1.000
prick			3132	1	1	19.694	1.000
pricking			3132	1	1	19.694	1.000
pride			3132	1	1	19.694	1.000
primary			3132	1	1	19.694	1.000
primeval			3132	1	1	19.694	1.000
principal			3132	1	1	19.694	1.000
printed			3132	1	1	19.694	1.000
privacy			3132	1	1	19.694	1.000
privileges			3132	1	1	19.694	1.000
problems			3132	1	1	19.694	1.000
process			3132	1	1	19.694	1.000
processing			3132	1	1	19.694	1.000
production			3132	1	1	19.694	1.000
productive			3132	1	1	19.694	1.000
profession			3132	1	1	19.694	1.000
professional			3132	1	1	19.694	1.000
profile			3132	1	1	19.694	1.000
project			3132	1	1	19.694	1.000
promoted			3132	1	1	19.694	1.000
promotions			3132	1	1	19.694	1.000
prompted			3132	1	1	19.694	1.000
propaganda			3132	1	1	19.694	1.000
properly			3132	1	1	19.694	1.000
prophylactic			3132	1	1	19.694	1.000
proposed			3132	1	1	19.694	1.000
proposing			3132	1	1	19.694	1.000
prose			3132	1	1	19.694	1.000
protect			3132	1	1	19.694	1.000
protests			3132	1	1	19.694	1.000
prove			3132	1	1	19.694	1.000
provide			3132	1	1	19.694	1.000
provided			3132	1	1	19.694	1.000
providence			3132	1	1	19.694	1.000
prussian			3132	1	1	19.694	1.000
prussians			3132	1	1	19.694	1.000
pry			3132	1	1	19.694	1.000
psychiatrist			3132	1	1	19.694	1.000
psychosomatic			3132	1	1	19.694	1.000
publicly			3132	1	1	19.694	1.000
puddings			3132	1	1	19.694	1.000
puffed			3132	1	1	19.694	1.000
pull			3132	1	1	19.694	1.000
punch			3132	1	1	19.694	1.000
punish			3132	1	1	19.694	1.000
punitive			3132	1	1	19.694	1.000
punk			3132	1	1	19.694	1.000
pure			3132	1	1	19.694	1.000
push			3132	1	1	19.694	1.000
pushed			3132	1	1	19.694	1.000
pussycats			3132	1	1	19.694	1.000
putrid			3132	1	1	19.694	1.000
puzzling			3132	1	1	19.694	1.000
pylons			3132	1	1	19.694	1.000
quaking			3132	1	1	19.694	1.000
quantities			3132	1	1	19.694	1.000
quarrelsome			3132	1	1	19.694	1.000
quarry			3132	1	1	19.694	1.000
quart			3132	1	1	19.694	1.000
quatrain			3132	1	1	19.694	1.000
queen			3132	1	1	19.694	1.000
queer			3132	1	1	19.694	1.000
quieted			3132	1	1	19.694	1.000
quilts			3132	1	1	19.694	1.000
quintuplets			3132	1	1	19.694	1.000
quotations			3132	1	1	19.694	1.000
quote			3132	1	1	19.694	1.000
quoted			3132	1	1	19.694	1.000
rabid			3132	1	1	19.694	1.000
racked			3132	1	1	19.694	1.000
racket			3132	1	1	19.694	1.000
rackets			3132	1	1	19.694	1.000
radiance			3132	1	1	19.694	1.000
radiator			3132	1	1	19.694	1.000
radios			3132	1	1	19.694	1.000
rafters			3132	1	1	19.694	1.000
ragbag			3132	1	1	19.694	1.000
rags			3132	1	1	19.694	1.000
rails			3132	1	1	19.694	1.000
raincoat			3132	1	1	19.694	1.000
rained			3132	1	1	19.694	1.000
raise			3132	1	1	19.694	1.000
raising			3132	1	1	19.694	1.000
ramshackle			3132	1	1	19.694	1.000
rapidly			3132	1	1	19.694	1.000
raping			3132	1	1	19.694	1.000
rapped			3132	1	1	19.694	1.000
raps			3132	1	1	19.694	1.000
rapt			3132	1	1	19.694	1.000
raptly			3132	1	1	19.694	1.000
rarefied			3132	1	1	19.694	1.000
raspberry			3132	1	1	19.694	1.000
rat			3132	1	1	19.694	1.000
rate			3132	1	1	19.694	1.000
rates			3132	1	1	19.694	1.000
rather			3132	1	1	19.694	1.000
ratproofed			3132	1	1	19.694	1.000
ravenous			3132	1	1	19.694	1.000
razorblades			3132	1	1	19.694	1.000
reaction			3132	1	1	19.694	1.000
readable			3132	1	1	19.694	1.000
reader			3132	1	1	19.694	1.000
readers			3132	1	1	19.694	1.000
reagan			3132	1	1	19.694	1.000
realities			3132	1	1	19.694	1.000
realize			3132	1	1	19.694	1.000
reasonable			3132	1	1	19.694	1.000
rebounded			3132	1	1	19.694	1.000
rebukes			3132	1	1	19.694	1.000
receive			3132	1	1	19.694	1.000
recent			3132	1	1	19.694	1.000
recently			3132	1	1	19.694	1.000
reception			3132	1	1	19.694	1.000
receptionist			3132	1	1	19.694	1.000
reclining			3132	1	1	19.694	1.000
recommendation			3132	1	1	19.694	1.000
recommended			3132	1	1	19.694	1.000
record			3132	1	1	19.694	1.000
recorded			3132	1	1	19.694	1.000
recorder			3132	1	1	19.694	1.000
records			3132	1	1	19.694	1.000
recovered			3132	1	1	19.694	1.000
recuperating			3132	1	1	19.694	1.000
reduction			3132	1	1	19.694	1.000
reedy			3132	1	1	19.694	1.000
reference			3132	1	1	19.694	1.000
referring			3132	1	1	19.694	1.000
reflect			3132	1	1	19.694	1.000
reformed			3132	1	1	19.694	1.000
refractive			3132	1	1	19.694	1.000
refrigeration			3132	1	1	19.694	1.000
regained			3132	1	1	19.694	1.000
regaining			3132	1	1	19.694	1.000
regard			3132	1	1	19.694	1.000
regardless			3132	1	1	19.694	1.000
registers			3132	1	1	19.694	1.000
relay			3132	1	1	19.694	1.000
release			3132	1	1	19.694	1.000
released			3132	1	1	19.694	1.000
relic			3132	1	1	19.694	1.000
relief			3132	1	1	19.694	1.000
relieve			3132	1	1	19.694	1.000
religious			3132	1	1	19.694	1.000
reluctantly			3132	1	1	19.694	1.000
remarkable			3132	1	1	19.694	1.000
reminder			3132	1	1	19.694	1.000
removed			3132	1	1	19.694	1.000
rendition			3132	1	1	19.694	1.000
renewal			3132	1	1	19.694	1.000
rented			3132	1	1	19.694	1.000
repaid			3132	1	1	19.694	1.000
repair			3132	1	1	19.694	1.000
repaired			3132	1	1	19.694	1.000
repatriated			3132	1	1	19.694	1.000
repeat			3132	1	1	19.694	1.000
repercussions			3132	1	1	19.694	1.000
replacement			3132	1	1	19.694	1.000
reporter			3132	1	1	19.694	1.000
reports			3132	1	1	19.694	1.000
reproach			3132	1	1	19.694	1.000
reproaching			3132	1	1	19.694	1.000
reproduced			3132	1	1	19.694	1.000
reputation			3132	1	1	19.694	1.000
required			3132	1	1	19.694	1.000
rescuing			3132	1	1	19.694	1.000
research			3132	1	1	19.694	1.000
resemble			3132	1	1	19.694	1.000
resented			3132	1	1	19.694	1.000
reserve			3132	1	1	19.694	1.000
resi			3132	1	1	19.694	1.000
resolute			3132	1	1	19.694	1.000
resolved			3132	1	1	19.694	1.000
resources			3132	1	1	19.694	1.000
responded			3132	1	1	19.694	1.000
responses			3132	1	1	19.694	1.000
responsible			3132	1	1	19.694	1.000
restaurants			3132	1	1	19.694	1.000
resting			3132	1	1	19.694	1.000
restraint			3132	1	1	19.694	1.000
results			3132	1	1	19.694	1.000
resume			3132	1	1	19.694	1.000
retained			3132	1	1	19.694	1.000
retracing			3132	1	1	19.694	1.000
retracted			3132	1	1	19.694	1.000
retribution			3132	1	1	19.694	1.000
return			3132	1	1	19.694	1.000
returned			3132	1	1	19.694	1.000
returning			3132	1	1	19.694	1.000
reunion			3132	1	1	19.694	1.000
revealed			3132	1	1	19.694	1.000
review			3132	1	1	19.694	1.000
revolutionary			3132	1	1	19.694	1.000
rewarded			3132	1	1	19.694	1.000
rhode			3132	1	1	19.694	1.000
ribbon			3132	1	1	19.694	1.000
ribs			3132	1	1	19.694	1.000
ride			3132	1	1	19.694	1.000
ridiculously			3132	1	1	19.694	1.000
rigging			3132	1	1	19.694	1.000
rimmed			3132	1	1	19.694	1.000
rinehart			3132	1	1	19.694	1.000
ripe			3132	1	1	19.694	1.000
ripping			3132	1	1	19.694	1.000
risks			3132	1	1	19.694	1.000
riverside			3132	1	1	19.694	1.000
riviera			3132	1	1	19.694	1.000
roadmaster			3132	1	1	19.694	1.000
roaring			3132	1	1	19.694	1.000
robbing			3132	1	1	19.694	1.000
robins			3132	1	1	19.694	1.000
robots			3132	1	1	19.694	1.000
rock			3132	1	1	19.694	1.000
rocketry			3132	1	1	19.694	1.000
rod			3132	1	1	19.694	1.000
rodomontades			3132	1	1	19.694	1.000
roe			3132	1	1	19.694	1.000
roethke			3132	1	1	19.694	1.000
roguish			3132	1	1	19.694	1.000
role			3132	1	1	19.694	1.000
romance			3132	1	1	19.694	1.000
romantic			3132	1	1	19.694	1.000
roof			3132	1	1	19.694	1.000
roofs			3132	1	1	19.694	1.000
rooftops			3132	1	1	19.694	1.000
roosevelt			3132	1	1	19.694	1.000
roots			3132	1	1	19.694	1.000
ropes			3132	1	1	19.694	1.000
rotted			3132	1	1	19.694	1.000
rough			3132	1	1	19.694	1.000
roulette			3132	1	1	19.694	1.000
roweled			3132	1	1	19.694	1.000
royalton			3132	1	1	19.694	1.000
rubber			3132	1	1	19.694	1.000
rubies			3132	1	1	19.694	1.000
ruddy			3132	1	1	19.694	1.000
rudely			3132	1	1	19.694	1.000
ruinen			3132	1	1	19.694	1.000
rule			3132	1	1	19.694	1.000
rules			3132	1	1	19.694	1.000
ruling			3132	1	1	19.694	1.000
runner			3132	1	1	19.694	1.000
rural			3132	1	1	19.694	1.000
rush			3132	1	1	19.694	1.000
rushed			3132	1	1	19.694	1.000
rushing			3132	1	1	19.694	1.000
russia			3132	1	1	19.694	1.000
rust			3132	1	1	19.694	1.000
rusty			3132	1	1	19.694	1.000
rye			3132	1	1	19.694	1.000
rühmte			3132	1	1	19.694	1.000
sacrifices			3132	1	1	19.694	1.000
sagte			3132	1	1	19.694	1.000
sah			3132	1	1	19.694	1.000
sailor			3132	1	1	19.694	1.000
sailors			3132	1	1	19.694	1.000
saint			3132	1	1	19.694	1.000
sakristan			3132	1	1	19.694	1.000
salad			3132	1	1	19.694	1.000
salami			3132	1	1	19.694	1.000
salesmen			3132	1	1	19.694	1.000
saltwater			3132	1	1	19.694	1.000
salzburg			3132	1	1	19.694	1.000
san			3132	1	1	19.694	1.000
sante			3132	1	1	19.694	1.000
satin			3132	1	1	19.694	1.000
satisfactory			3132	1	1	19.694	1.000
satisfied			3132	1	1	19.694	1.000
saucepan			3132	1	1	19.694	1.000
sausages			3132	1	1	19.694	1.000
savage			3132	1	1	19.694	1.000
savagely			3132	1	1	19.694	1.000
saving			3132	1	1	19.694	1.000
scabbard			3132	1	1	19.694	1.000
scalding			3132	1	1	19.694	1.000
scar			3132	1	1	19.694	1.000
scarcely			3132	1	1	19.694	1.000
scares			3132	1	1	19.694	1.000
scars			3132	1	1	19.694	1.000
scathingly			3132	1	1	19.694	1.000
scheherezade			3132	1	1	19.694	1.000
scheme			3132	1	1	19.694	1.000
schizophrenic			3132	1	1	19.694	1.000
schlachthöf			3132	1	1	19.694	1.000
schnapps			3132	1	1	19.694	1.000
schon			3132	1	1	19.694	1.000
schone			3132	1	1	19.694	1.000
schoolgirls			3132	1	1	19.694	1.000
scientists			3132	1	1	19.694	1.000
scissors			3132	1	1	19.694	1.000
scolded			3132	1	1	19.694	1.000
scolds			3132	1	1	19.694	1.000
scrambled			3132	1	1	19.694	1.000
scrap			3132	1	1	19.694	1.000
scratchy			3132	1	1	19.694	1.000
screamingly			3132	1	1	19.694	1.000
screwing			3132	1	1	19.694	1.000
scrolls			3132	1	1	19.694	1.000
scruffy			3132	1	1	19.694	1.000
sealed			3132	1	1	19.694	1.000
search			3132	1	1	19.694	1.000
seashells			3132	1	1	19.694	1.000
seats			3132	1	1	19.694	1.000
sebastian			3132	1	1	19.694	1.000
seconds			3132	1	1	19.694	1.000
secretary			3132	1	1	19.694	1.000
secretly			3132	1	1	19.694	1.000
section			3132	1	1	19.694	1.000
sections			3132	1	1	19.694	1.000
securing			3132	1	1	19.694	1.000
sedation			3132	1	1	19.694	1.000
seemingly			3132	1	1	19.694	1.000
seeped			3132	1	1	19.694	1.000
sees			3132	1	1	19.694	1.000
seiten			3132	1	1	19.694	1.000
seldom			3132	1	1	19.694	1.000
selection			3132	1	1	19.694	1.000
selectivity			3132	1	1	19.694	1.000
selector			3132	1	1	19.694	1.000
sellers			3132	1	1	19.694	1.000
semester			3132	1	1	19.694	1.000
semi			3132	1	1	19.694	1.000
seminal			3132	1	1	19.694	1.000
sending			3132	1	1	19.694	1.000
sends			3132	1	1	19.694	1.000
senior			3132	1	1	19.694	1.000
sensational			3132	1	1	19.694	1.000
senseless			3132	1	1	19.694	1.000
sensible			3132	1	1	19.694	1.000
sensitive			3132	1	1	19.694	1.000
sentenced			3132	1	1	19.694	1.000
separate			3132	1	1	19.694	1.000
separating			3132	1	1	19.694	1.000
serenely			3132	1	1	19.694	1.000
serenity			3132	1	1	19.694	1.000
sergeant			3132	1	1	19.694	1.000
serial			3132	1	1	19.694	1.000
servants			3132	1	1	19.694	1.000
sessions			3132	1	1	19.694	1.000
settle			3132	1	1	19.694	1.000
sexually			3132	1	1	19.694	1.000
sexy			3132	1	1	19.694	1.000
shabby			3132	1	1	19.694	1.000
shadowing			3132	1	1	19.694	1.000
shady			3132	1	1	19.694	1.000
shaft			3132	1	1	19.694	1.000
shafts			3132	1	1	19.694	1.000
shakily			3132	1	1	19.694	1.000
shallow			3132	1	1	19.694	1.000
shape			3132	1	1	19.694	1.000
shatter			3132	1	1	19.694	1.000
shattered			3132	1	1	19.694	1.000
sheep			3132	1	1	19.694	1.000
sheet			3132	1	1	19.694	1.000
sheets			3132	1	1	19.694	1.000
shell			3132	1	1	19.694	1.000
shellbursts			3132	1	1	19.694	1.000
shells			3132	1	1	19.694	1.000
shelters			3132	1	1	19.694	1.000
shepherd			3132	1	1	19.694	1.000
sherbet			3132	1	1	19.694	1.000
shimmeringly			3132	1	1	19.694	1.000
shined			3132	1	1	19.694	1.000
shines			3132	1	1	19.694	1.000
shining			3132	1	1	19.694	1.000
ship			3132	1	1	19.694	1.000
ships			3132	1	1	19.694	1.000
shipwrecks			3132	1	1	19.694	1.000
shitless			3132	1	1	19.694	1.000
shiver			3132	1	1	19.694	1.000
shivering			3132	1	1	19.694	1.000
shocking			3132	1	1	19.694	1.000
shod			3132	1	1	19.694	1.000
shops			3132	1	1	19.694	1.000
shorter			3132	1	1	19.694	1.000
showered			3132	1	1	19.694	1.000
showering			3132	1	1	19.694	1.000
shown			3132	1	1	19.694	1.000
shrewd			3132	1	1	19.694	1.000
shrieked			3132	1	1	19.694	1.000
shrieking			3132	1	1	19.694	1.000
shrilly			3132	1	1	19.694	1.000
shrug			3132	1	1	19.694	1.000
shudder			3132	1	1	19.694	1.000
shuddered			3132	1	1	19.694	1.000
shuffle			3132	1	1	19.694	1.000
shutting			3132	1	1	19.694	1.000
shyly			3132	1	1	19.694	1.000
sicker			3132	1	1	19.694	1.000
sided			3132	1	1	19.694	1.000
sidings			3132	1	1	19.694	1.000
sighing			3132	1	1	19.694	1.000
sight			3132	1	1	19.694	1.000
sighted			3132	1	1	19.694	1.000
signal			3132	1	1	19.694	1.000
silesia			3132	1	1	19.694	1.000
silhouette			3132	1	1	19.694	1.000
sill			3132	1	1	19.694	1.000
silliness			3132	1	1	19.694	1.000
silvered			3132	1	1	19.694	1.000
silverware			3132	1	1	19.694	1.000
similarity			3132	1	1	19.694	1.000
simmering			3132	1	1	19.694	1.000
simplest			3132	1	1	19.694	1.000
simulated			3132	1	1	19.694	1.000
simulating			3132	1	1	19.694	1.000
simultaneously			3132	1	1	19.694	1.000
sincerely			3132	1	1	19.694	1.000
singers			3132	1	1	19.694	1.000
singled			3132	1	1	19.694	1.000
sinuous			3132	1	1	19.694	1.000
situations			3132	1	1	19.694	1.000
sized			3132	1	1	19.694	1.000
sizzling			3132	1	1	19.694	1.000
skeleton			3132	1	1	19.694	1.000
sketchy			3132	1	1	19.694	1.000
skiing			3132	1	1	19.694	1.000
skins			3132	1	1	19.694	1.000
skipped			3132	1	1	19.694	1.000
skyline			3132	1	1	19.694	1.000
slam			3132	1	1	19.694	1.000
slamming			3132	1	1	19.694	1.000
slapping			3132	1	1	19.694	1.000
slaves			3132	1	1	19.694	1.000
sleepers			3132	1	1	19.694	1.000
sleepy			3132	1	1	19.694	1.000
slender			3132	1	1	19.694	1.000
sliced			3132	1	1	19.694	1.000
slid			3132	1	1	19.694	1.000
slight			3132	1	1	19.694	1.000
slippers			3132	1	1	19.694	1.000
slipshod			3132	1	1	19.694	1.000
slumbering			3132	1	1	19.694	1.000
slumped			3132	1	1	19.694	1.000
slums			3132	1	1	19.694	1.000
smacked			3132	1	1	19.694	1.000
smaller			3132	1	1	19.694	1.000
smashed			3132	1	1	19.694	1.000
smashin			3132	1	1	19.694	1.000
smelly			3132	1	1	19.694	1.000
smiling			3132	1	1	19.694	1.000
smithereens			3132	1	1	19.694	1.000
smokes			3132	1	1	19.694	1.000
smoky			3132	1	1	19.694	1.000
smoldering			3132	1	1	19.694	1.000
snag			3132	1	1	19.694	1.000
snagged			3132	1	1	19.694	1.000
snags			3132	1	1	19.694	1.000
snap			3132	1	1	19.694	1.000
sneaked			3132	1	1	19.694	1.000
sneeringly			3132	1	1	19.694	1.000
sniffed			3132	1	1	19.694	1.000
sniffingly			3132	1	1	19.694	1.000
sniveling			3132	1	1	19.694	1.000
snootful			3132	1	1	19.694	1.000
snooze			3132	1	1	19.694	1.000
snoozed			3132	1	1	19.694	1.000
snoring			3132	1	1	19.694	1.000
snot			3132	1	1	19.694	1.000
snout			3132	1	1	19.694	1.000
snug			3132	1	1	19.694	1.000
soaked			3132	1	1	19.694	1.000
soaringly			3132	1	1	19.694	1.000
sobbingly			3132	1	1	19.694	1.000
soccer			3132	1	1	19.694	1.000
social			3132	1	1	19.694	1.000
sodom			3132	1	1	19.694	1.000
soft			3132	1	1	19.694	1.000
softly			3132	1	1	19.694	1.000
solemn			3132	1	1	19.694	1.000
solicitously			3132	1	1	19.694	1.000
soliloquized			3132	1	1	19.694	1.000
someplace			3132	1	1	19.694	1.000
sometime			3132	1	1	19.694	1.000
sopping			3132	1	1	19.694	1.000
sordid			3132	1	1	19.694	1.000
sores			3132	1	1	19.694	1.000
sorted			3132	1	1	19.694	1.000
sorts			3132	1	1	19.694	1.000
sought			3132	1	1	19.694	1.000
soundly			3132	1	1	19.694	1.000
sources			3132	1	1	19.694	1.000
sourer			3132	1	1	19.694	1.000
sourness			3132	1	1	19.694	1.000
souvenir			3132	1	1	19.694	1.000
spaces			3132	1	1	19.694	1.000
spanish			3132	1	1	19.694	1.000
spare			3132	1	1	19.694	1.000
sparrows			3132	1	1	19.694	1.000
spars			3132	1	1	19.694	1.000
spattered			3132	1	1	19.694	1.000
speakers			3132	1	1	19.694	1.000
spear			3132	1	1	19.694	1.000
special			3132	1	1	19.694	1.000
specialists			3132	1	1	19.694	1.000
specialized			3132	1	1	19.694	1.000
specimen			3132	1	1	19.694	1.000
speckled			3132	1	1	19.694	1.000
spectacle			3132	1	1	19.694	1.000
spectacular			3132	1	1	19.694	1.000
sphere			3132	1	1	19.694	1.000
spiked			3132	1	1	19.694	1.000
spinal			3132	1	1	19.694	1.000
spitting			3132	1	1	19.694	1.000
splayed			3132	1	1	19.694	1.000
splinters			3132	1	1	19.694	1.000
split			3132	1	1	19.694	1.000
spoils			3132	1	1	19.694	1.000
spoken			3132	1	1	19.694	1.000
spooky			3132	1	1	19.694	1.000
sports			3132	1	1	19.694	1.000
spots			3132	1	1	19.694	1.000
spotted			3132	1	1	19.694	1.000
springboard			3132	1	1	19.694	1.000
sprinkle			3132	1	1	19.694	1.000
squirming			3132	1	1	19.694	1.000
stadium			3132	1	1	19.694	1.000
staged			3132	1	1	19.694	1.000
stained			3132	1	1	19.694	1.000
stains			3132	1	1	19.694	1.000
staircase			3132	1	1	19.694	1.000
stairs			3132	1	1	19.694	1.000
stairway			3132	1	1	19.694	1.000
stake			3132	1	1	19.694	1.000
stamp			3132	1	1	19.694	1.000
stamping			3132	1	1	19.694	1.000
stance			3132	1	1	19.694	1.000
standard			3132	1	1	19.694	1.000
standpoint			3132	1	1	19.694	1.000
stands			3132	1	1	19.694	1.000
starter			3132	1	1	19.694	1.000
starting			3132	1	1	19.694	1.000
startling			3132	1	1	19.694	1.000
startlingly			3132	1	1	19.694	1.000
starve			3132	1	1	19.694	1.000
starved			3132	1	1	19.694	1.000
starving			3132	1	1	19.694	1.000
stately			3132	1	1	19.694	1.000
static			3132	1	1	19.694	1.000
stations			3132	1	1	19.694	1.000
statue			3132	1	1	19.694	1.000
status			3132	1	1	19.694	1.000
stddtische			3132	1	1	19.694	1.000
steadily			3132	1	1	19.694	1.000
steady			3132	1	1	19.694	1.000
steaks			3132	1	1	19.694	1.000
steal			3132	1	1	19.694	1.000
stealing			3132	1	1	19.694	1.000
steamer			3132	1	1	19.694	1.000
steaming			3132	1	1	19.694	1.000
steep			3132	1	1	19.694	1.000
steers			3132	1	1	19.694	1.000
stephen			3132	1	1	19.694	1.000
stepped			3132	1	1	19.694	1.000
steps			3132	1	1	19.694	1.000
stereophonic			3132	1	1	19.694	1.000
sterilized			3132	1	1	19.694	1.000
stern			3132	1	1	19.694	1.000
stew			3132	1	1	19.694	1.000
sticker			3132	1	1	19.694	1.000
sticking			3132	1	1	19.694	1.000
sticks			3132	1	1	19.694	1.000
sticky			3132	1	1	19.694	1.000
stiffness			3132	1	1	19.694	1.000
stills			3132	1	1	19.694	1.000
stimulants			3132	1	1	19.694	1.000
stingingly			3132	1	1	19.694	1.000
stirred			3132	1	1	19.694	1.000
stocking			3132	1	1	19.694	1.000
stocks			3132	1	1	19.694	1.000
stools			3132	1	1	19.694	1.000
stoppered			3132	1	1	19.694	1.000
stopping			3132	1	1	19.694	1.000
storage			3132	1	1	19.694	1.000
stored			3132	1	1	19.694	1.000
storytelling			3132	1	1	19.694	1.000
stoves			3132	1	1	19.694	1.000
straddle			3132	1	1	19.694	1.000
straightaways			3132	1	1	19.694	1.000
straighten			3132	1	1	19.694	1.000
strap			3132	1	1	19.694	1.000
strawberry			3132	1	1	19.694	1.000
streamers			3132	1	1	19.694	1.000
streams			3132	1	1	19.694	1.000
strenuous			3132	1	1	19.694	1.000
stretched			3132	1	1	19.694	1.000
stretcher			3132	1	1	19.694	1.000
string			3132	1	1	19.694	1.000
strokes			3132	1	1	19.694	1.000
struggles			3132	1	1	19.694	1.000
stub			3132	1	1	19.694	1.000
stubby			3132	1	1	19.694	1.000
study			3132	1	1	19.694	1.000
stunk			3132	1	1	19.694	1.000
stupors			3132	1	1	19.694	1.000
sturdy			3132	1	1	19.694	1.000
stylishly			3132	1	1	19.694	1.000
submarines			3132	1	1	19.694	1.000
subscribe			3132	1	1	19.694	1.000
subscribed			3132	1	1	19.694	1.000
substitute			3132	1	1	19.694	1.000
suburban			3132	1	1	19.694	1.000
succeed			3132	1	1	19.694	1.000
succumbed			3132	1	1	19.694	1.000
suck			3132	1	1	19.694	1.000
sucked			3132	1	1	19.694	1.000
sucker			3132	1	1	19.694	1.000
suction			3132	1	1	19.694	1.000
suffering			3132	1	1	19.694	1.000
suffocatingly			3132	1	1	19.694	1.000
suffragette			3132	1	1	19.694	1.000
suicide			3132	1	1	19.694	1.000
sulk			3132	1	1	19.694	1.000
sulky			3132	1	1	19.694	1.000
sung			3132	1	1	19.694	1.000
superman			3132	1	1	19.694	1.000
supplement			3132	1	1	19.694	1.000
support			3132	1	1	19.694	1.000
surfaced			3132	1	1	19.694	1.000
surprised			3132	1	1	19.694	1.000
surprising			3132	1	1	19.694	1.000
surrounded			3132	1	1	19.694	1.000
survival			3132	1	1	19.694	1.000
survivors			3132	1	1	19.694	1.000
susann			3132	1	1	19.694	1.000
suspect			3132	1	1	19.694	1.000
suspecting			3132	1	1	19.694	1.000
swaddled			3132	1	1	19.694	1.000
swagger			3132	1	1	19.694	1.000
swamps			3132	1	1	19.694	1.000
swarm			3132	1	1	19.694	1.000
swastikas			3132	1	1	19.694	1.000
sweater			3132	1	1	19.694	1.000
sweatsocks			3132	1	1	19.694	1.000
sweeping			3132	1	1	19.694	1.000
sweetheart			3132	1	1	19.694	1.000
swept			3132	1	1	19.694	1.000
swig			3132	1	1	19.694	1.000
swing			3132	1	1	19.694	1.000
swings			3132	1	1	19.694	1.000
switches			3132	1	1	19.694	1.000
switzerland			3132	1	1	19.694	1.000
swivel			3132	1	1	19.694	1.000
swiveled			3132	1	1	19.694	1.000
swooned			3132	1	1	19.694	1.000
sword			3132	1	1	19.694	1.000
swords			3132	1	1	19.694	1.000
sworn			3132	1	1	19.694	1.000
symbol			3132	1	1	19.694	1.000
sympathetic			3132	1	1	19.694	1.000
symptoms			3132	1	1	19.694	1.000
tablespoon			3132	1	1	19.694	1.000
tagged			3132	1	1	19.694	1.000
tail			3132	1	1	19.694	1.000
talkin			3132	1	1	19.694	1.000
taller			3132	1	1	19.694	1.000
tangerine			3132	1	1	19.694	1.000
target			3132	1	1	19.694	1.000
tasted			3132	1	1	19.694	1.000
tattooed			3132	1	1	19.694	1.000
tawdry			3132	1	1	19.694	1.000
tax			3132	1	1	19.694	1.000
tea			3132	1	1	19.694	1.000
teapots			3132	1	1	19.694	1.000
tearful			3132	1	1	19.694	1.000
teased			3132	1	1	19.694	1.000
technique			3132	1	1	19.694	1.000
teen			3132	1	1	19.694	1.000
teenager			3132	1	1	19.694	1.000
teens			3132	1	1	19.694	1.000
telegraphic			3132	1	1	19.694	1.000
telephoned			3132	1	1	19.694	1.000
telephoners			3132	1	1	19.694	1.000
telephones			3132	1	1	19.694	1.000
telescoping			3132	1	1	19.694	1.000
tells			3132	1	1	19.694	1.000
tempted			3132	1	1	19.694	1.000
tempting			3132	1	1	19.694	1.000
tender			3132	1	1	19.694	1.000
tens			3132	1	1	19.694	1.000
tenth			3132	1	1	19.694	1.000
terms			3132	1	1	19.694	1.000
terrestrials			3132	1	1	19.694	1.000
terribly			3132	1	1	19.694	1.000
terrified			3132	1	1	19.694	1.000
terrors			3132	1	1	19.694	1.000
test			3132	1	1	19.694	1.000
testament			3132	1	1	19.694	1.000
th			3132	1	1	19.694	1.000
thanked			3132	1	1	19.694	1.000
thawed			3132	1	1	19.694	1.000
thawing			3132	1	1	19.694	1.000
theaters			3132	1	1	19.694	1.000
theatrical			3132	1	1	19.694	1.000
theatricality			3132	1	1	19.694	1.000
thieving			3132	1	1	19.694	1.000
thigh			3132	1	1	19.694	1.000
thiriart			3132	1	1	19.694	1.000
thirst			3132	1	1	19.694	1.000
thirteenth			3132	1	1	19.694	1.000
thorn			3132	1	1	19.694	1.000
threat			3132	1	1	19.694	1.000
threaten			3132	1	1	19.694	1.000
threatened			3132	1	1	19.694	1.000
threats			3132	1	1	19.694	1.000
thrillingly			3132	1	1	19.694	1.000
thrills			3132	1	1	19.694	1.000
throat			3132	1	1	19.694	1.000
throats			3132	1	1	19.694	1.000
throughout			3132	1	1	19.694	1.000
throughway			3132	1	1	19.694	1.000
throw			3132	1	1	19.694	1.000
thumbs			3132	1	1	19.694	1.000
thumbscrew			3132	1	1	19.694	1.000
thunder			3132	1	1	19.694	1.000
tick			3132	1	1	19.694	1.000
ticked			3132	1	1	19.694	1.000
tickling			3132	1	1	19.694	1.000
tiger			3132	1	1	19.694	1.000
tiled			3132	1	1	19.694	1.000
tiles			3132	1	1	19.694	1.000
tinkling			3132	1	1	19.694	1.000
tinsel			3132	1	1	19.694	1.000
tipping			3132	1	1	19.694	1.000
tips			3132	1	1	19.694	1.000
titillated			3132	1	1	19.694	1.000
title			3132	1	1	19.694	1.000
titles			3132	1	1	19.694	1.000
toad			3132	1	1	19.694	1.000
toast			3132	1	1	19.694	1.000
toboggan			3132	1	1	19.694	1.000
tobruk			3132	1	1	19.694	1.000
toenails			3132	1	1	19.694	1.000
toes			3132	1	1	19.694	1.000
toilet			3132	1	1	19.694	1.000
tokyo			3132	1	1	19.694	1.000
tolerable			3132	1	1	19.694	1.000
tom			3132	1	1	19.694	1.000
tombstones			3132	1	1	19.694	1.000
tonight			3132	1	1	19.694	1.000
toothless			3132	1	1	19.694	1.000
tootle			3132	1	1	19.694	1.000
topknot			3132	1	1	19.694	1.000
torch			3132	1	1	19.694	1.000
torments			3132	1	1	19.694	1.000
touching			3132	1	1	19.694	1.000
touchingly			3132	1	1	19.694	1.000
touring			3132	1	1	19.694	1.000
tourists			3132	1	1	19.694	1.000
tours			3132	1	1	19.694	1.000
tracks			3132	1	1	19.694	1.000
trackside			3132	1	1	19.694	1.000
traction			3132	1	1	19.694	1.000
traditions			3132	1	1	19.694	1.000
trafficker			3132	1	1	19.694	1.000
tragic			3132	1	1	19.694	1.000
trail			3132	1	1	19.694	1.000
trails			3132	1	1	19.694	1.000
training			3132	1	1	19.694	1.000
transferring			3132	1	1	19.694	1.000
transforming			3132	1	1	19.694	1.000
translated			3132	1	1	19.694	1.000
transparent			3132	1	1	19.694	1.000
transported			3132	1	1	19.694	1.000
trash			3132	1	1	19.694	1.000
travesty			3132	1	1	19.694	1.000
treacherous			3132	1	1	19.694	1.000
treasure			3132	1	1	19.694	1.000
treasures			3132	1	1	19.694	1.000
treatments			3132	1	1	19.694	1.000
trembled			3132	1	1	19.694	1.000
tremulously			3132	1	1	19.694	1.000
trifocal			3132	1	1	19.694	1.000
trips			3132	1	1	19.694	1.000
troop			3132	1	1	19.694	1.000
truck			3132	1	1	19.694	1.000
truer			3132	1	1	19.694	1.000
trusting			3132	1	1	19.694	1.000
trümmer			3132	1	1	19.694	1.000
tumble			3132	1	1	19.694	1.000
tumbled			3132	1	1	19.694	1.000
tunnel			3132	1	1	19.694	1.000
turnoff			3132	1	1	19.694	1.000
tweedledee			3132	1	1	19.694	1.000
tweedledum			3132	1	1	19.694	1.000
twig			3132	1	1	19.694	1.000
twinkled			3132	1	1	19.694	1.000
twittering			3132	1	1	19.694	1.000
typewriter			3132	1	1	19.694	1.000
umbrella			3132	1	1	19.694	1.000
umpires			3132	1	1	19.694	1.000
unambiguous			3132	1	1	19.694	1.000
unanswered			3132	1	1	19.694	1.000
unbearably			3132	1	1	19.694	1.000
uncorked			3132	1	1	19.694	1.000
uncover			3132	1	1	19.694	1.000
uncovered			3132	1	1	19.694	1.000
undefended			3132	1	1	19.694	1.000
undergrowth			3132	1	1	19.694	1.000
underneath			3132	1	1	19.694	1.000
understanding			3132	1	1	19.694	1.000
underwear			3132	1	1	19.694	1.000
underwent			3132	1	1	19.694	1.000
undid			3132	1	1	19.694	1.000
undignified			3132	1	1	19.694	1.000
unerüinschten			3132	1	1	19.694	1.000
unexpected			3132	1	1	19.694	1.000
unexpectedly			3132	1	1	19.694	1.000
unfaithful			3132	1	1	19.694	1.000
unfit			3132	1	1	19.694	1.000
unforgivable			3132	1	1	19.694	1.000
unfortunate			3132	1	1	19.694	1.000
ungrateful			3132	1	1	19.694	1.000
unharnessed			3132	1	1	19.694	1.000
unintelligibly			3132	1	1	19.694	1.000
union			3132	1	1	19.694	1.000
unlocked			3132	1	1	19.694	1.000
unlucky			3132	1	1	19.694	1.000
unmitigated			3132	1	1	19.694	1.000
unpainted			3132	1	1	19.694	1.000
unpleasant			3132	1	1	19.694	1.000
unpopularity			3132	1	1	19.694	1.000
unpressed			3132	1	1	19.694	1.000
unpromising			3132	1	1	19.694	1.000
unprotesting			3132	1	1	19.694	1.000
unreliable			3132	1	1	19.694	1.000
unsalted			3132	1	1	19.694	1.000
unstable			3132	1	1	19.694	1.000
untouched			3132	1	1	19.694	1.000
untrue			3132	1	1	19.694	1.000
untruth			3132	1	1	19.694	1.000
unwrapped			3132	1	1	19.694	1.000
uphill			3132	1	1	19.694	1.000
upholstery			3132	1	1	19.694	1.000
upright			3132	1	1	19.694	1.000
uproariously			3132	1	1	19.694	1.000
upward			3132	1	1	19.694	1.000
urban			3132	1	1	19.694	1.000
urged			3132	1	1	19.694	1.000
urgent			3132	1	1	19.694	1.000
useless			3132	1	1	19.694	1.000
using			3132	1	1	19.694	1.000
uterus			3132	1	1	19.694	1.000
vacuum			3132	1	1	19.694	1.000
vaguely			3132	1	1	19.694	1.000
valet			3132	1	1	19.694	1.000
valuable			3132	1	1	19.694	1.000
valuables			3132	1	1	19.694	1.000
valve			3132	1	1	19.694	1.000
vampire			3132	1	1	19.694	1.000
vampires			3132	1	1	19.694	1.000
vapor			3132	1	1	19.694	1.000
various			3132	1	1	19.694	1.000
veek			3132	1	1	19.694	1.000
vegetation			3132	1	1	19.694	1.000
vehicles			3132	1	1	19.694	1.000
veined			3132	1	1	19.694	1.000
vengeance			3132	1	1	19.694	1.000
vertical			3132	1	1	19.694	1.000
vertigo			3132	1	1	19.694	1.000
vesicles			3132	1	1	19.694	1.000
veterinarian			3132	1	1	19.694	1.000
vice			3132	1	1	19.694	1.000
victim			3132	1	1	19.694	1.000
vienna			3132	1	1	19.694	1.000
vile			3132	1	1	19.694	1.000
villages			3132	1	1	19.694	1.000
villain			3132	1	1	19.694	1.000
vineyard			3132	1	1	19.694	1.000
violence			3132	1	1	19.694	1.000
virginian			3132	1	1	19.694	1.000
virgins			3132	1	1	19.694	1.000
virtuous			3132	1	1	19.694	1.000
visit			3132	1	1	19.694	1.000
visits			3132	1	1	19.694	1.000
vividly			3132	1	1	19.694	1.000
vocal			3132	1	1	19.694	1.000
vocalists			3132	1	1	19.694	1.000
void			3132	1	1	19.694	1.000
volcanoes			3132	1	1	19.694	1.000
volumes			3132	1	1	19.694	1.000
voluntarily			3132	1	1	19.694	1.000
voluptuous			3132	1	1	19.694	1.000
von			3132	1	1	19.694	1.000
vonnegut			3132	1	1	19.694	1.000
vows			3132	1	1	19.694	1.000
vulnerable			3132	1	1	19.694	1.000
vunce			3132	1	1	19.694	1.000
wacs			3132	1	1	19.694	1.000
wafs			3132	1	1	19.694	1.000
wagged			3132	1	1	19.694	1.000
waif			3132	1	1	19.694	1.000
wailed			3132	1	1	19.694	1.000
wailing			3132	1	1	19.694	1.000
waist			3132	1	1	19.694	1.000
waitresses			3132	1	1	19.694	1.000
wakefulness			3132	1	1	19.694	1.000
waking			3132	1	1	19.694	1.000
walt			3132	1	1	19.694	1.000
wandered			3132	1	1	19.694	1.000
wanderer			3132	1	1	19.694	1.000
wanderers			3132	1	1	19.694	1.000
wandering			3132	1	1	19.694	1.000
wang			3132	1	1	19.694	1.000
wants			3132	1	1	19.694	1.000
wards			3132	1	1	19.694	1.000
warmly			3132	1	1	19.694	1.000
warnings			3132	1	1	19.694	1.000
warps			3132	1	1	19.694	1.000
washboards			3132	1	1	19.694	1.000
washcloth			3132	1	1	19.694	1.000
washing			3132	1	1	19.694	1.000
washington			3132	1	1	19.694	1.000
watched			3132	1	1	19.694	1.000
waterfalls			3132	1	1	19.694	1.000
waterproof			3132	1	1	19.694	1.000
watery			3132	1	1	19.694	1.000
watt			3132	1	1	19.694	1.000
wave			3132	1	1	19.694	1.000
waved			3132	1	1	19.694	1.000
waving			3132	1	1	19.694	1.000
ways			3132	1	1	19.694	1.000
weakling			3132	1	1	19.694	1.000
wealth			3132	1	1	19.694	1.000
wealthy			3132	1	1	19.694	1.000
weaponry			3132	1	1	19.694	1.000
wear			3132	1	1	19.694	1.000
weather			3132	1	1	19.694	1.000
wedged			3132	1	1	19.694	1.000
weeds			3132	1	1	19.694	1.000
weighed			3132	1	1	19.694	1.000
weight			3132	1	1	19.694	1.000
weightless			3132	1	1	19.694	1.000
weights			3132	1	1	19.694	1.000
welcher			3132	1	1	19.694	1.000
welcomed			3132	1	1	19.694	1.000
welded			3132	1	1	19.694	1.000
wept			3132	1	1	19.694	1.000
werewolves			3132	1	1	19.694	1.000
western			3132	1	1	19.694	1.000
wetly			3132	1	1	19.694	1.000
whatsoever			3132	1	1	19.694	1.000
wheat			3132	1	1	19.694	1.000
wheedle			3132	1	1	19.694	1.000
wheedled			3132	1	1	19.694	1.000
wheelbarrow			3132	1	1	19.694	1.000
wheelbarrows			3132	1	1	19.694	1.000
whereabouts			3132	1	1	19.694	1.000
whimper			3132	1	1	19.694	1.000
whimpered			3132	1	1	19.694	1.000
whips			3132	1	1	19.694	1.000
whirl			3132	1	1	19.694	1.000
whirled			3132	1	1	19.694	1.000
whirlpools			3132	1	1	19.694	1.000
whiskey			3132	1	1	19.694	1.000
whistles			3132	1	1	19.694	1.000
whitewash			3132	1	1	19.694	1.000
whitewashed			3132	1	1	19.694	1.000
whore			3132	1	1	19.694	1.000
whorehouse			3132	1	1	19.694	1.000
wicked			3132	1	1	19.694	1.000
widely			3132	1	1	19.694	1.000
widespread			3132	1	1	19.694	1.000
widow			3132	1	1	19.694	1.000
widowed			3132	1	1	19.694	1.000
wilfully			3132	1	1	19.694	1.000
willing			3132	1	1	19.694	1.000
willow			3132	1	1	19.694	1.000
win			3132	1	1	19.694	1.000
windburned			3132	1	1	19.694	1.000
windmilled			3132	1	1	19.694	1.000
windowpane			3132	1	1	19.694	1.000
wink			3132	1	1	19.694	1.000
winked			3132	1	1	19.694	1.000
winkings			3132	1	1	19.694	1.000
winning			3132	1	1	19.694	1.000
winston			3132	1	1	19.694	1.000
wiped			3132	1	1	19.694	1.000
wise			3132	1	1	19.694	1.000
wiser			3132	1	1	19.694	1.000
wishes			3132	1	1	19.694	1.000
witches			3132	1	1	19.694	1.000
witnessed			3132	1	1	19.694	1.000
wolfish			3132	1	1	19.694	1.000
wondering			3132	1	1	19.694	1.000
wooden			3132	1	1	19.694	1.000
wooed			3132	1	1	19.694	1.000
workers			3132	1	1	19.694	1.000
workshop			3132	1	1	19.694	1.000
worried			3132	1	1	19.694	1.000
wove			3132	1	1	19.694	1.000
wrath			3132	1	1	19.694	1.000
wreathed			3132	1	1	19.694	1.000
wrestled			3132	1	1	19.694	1.000
writings			3132	1	1	19.694	1.000
xerox			3132	1	1	19.694	1.000
yacht			3132	1	1	19.694	1.000
yards			3132	1	1	19.694	1.000
yell			3132	1	1	19.694	1.000
yelled			3132	1	1	19.694	1.000
yelping			3132	1	1	19.694	1.000
yodeled			3132	1	1	19.694	1.000
yours			3132	1	1	19.694	1.000
yourself			3132	1	1	19.694	1.000
youth			3132	1	1	19.694	1.000
yugoslavians			3132	1	1	19.694	1.000
zealanders			3132	1	1	19.694	1.000
zebra			3132	1	1	19.694	1.000
zero			3132	1	1	19.694	1.000
zinc			3132	1	1	19.694	1.000
zipper			3132	1	1	19.694	1.000
zipping			3132	1	1	19.694	1.000
zo			3132	1	1	19.694	1.000
zoomed			3132	1	1	19.694	1.000
zwischen			3132	1	1	19.694	1.000
